image: empty.pgm
resolution: 0.014200
origin: [-12.808400, -11.899600, 0.000000]
negate: 0
occupied_thresh: 0.65
free_thresh: 0.196

